1 12
2 11.4
3 12
4 11.1
5 14.1
6 12.3
7 12.3
8 13.3
9 11.1
10 14.3
11 11.8
12 12.3
13 12.2
14 11.8
15 12.4
16 11.8
17 14.4
18 11.4
19 11.3
20 12.4
21 11.6
22 12.3
23 14.3
24 12.3
25 12.3
26 12.3
27 14.4
28 12.2
29 12.2
30 11.6
31 11.8
32 12.4
33 11.1
34 11.8
35 11.5
36 13.3
37 12.3
38 14
39 13.3
40 11
41 12.3
42 11.4
43 12.4
44 12.2
45 13.6
46 12.6
47 12.4
48 12.4
49 12.3
50 11.9
51 12.6
52 12.3
53 12.2
54 12.4
55 12.3
56 11.1
57 14.4
58 13.9
59 11.3
60 12.3
61 14
62 12.3
63 12.2
64 12.3
65 12.2
66 14.5
67 11.3
68 12
69 11.6
70 12.4
71 12
72 14.4
73 12.4
74 12.4
75 12
76 12.2
77 12.3
78 13.6
79 11.8
80 12.2
81 11.9
82 12.2
83 12.3
84 12.3
85 11.8
86 12.4
87 12.4
88 12.3
89 12.3
90 12.2
91 12
92 12.2
93 14.1
94 12.3
95 12.3
96 12.3
97 16
98 12.4
99 12.4
100 12.3
101 14.4
102 13.2
103 12.3
104 13.4
105 13.4
106 11.4
107 12.3
108 12.4
109 11.4
110 11.4
111 12
112 12
113 11.8
114 13.8
115 12.4
116 12
117 12.2
118 12.3
119 11.9
120 12.3
121 12.4
122 12.3
123 12.4
124 12.3
125 11.2
126 12
127 12.2
128 12.3
